{
 "cells": [
  {
   "cell_type": "code",
   "execution_count": 1,
   "metadata": {
    "collapsed": false
   },
   "outputs": [
    {
     "name": "stdout",
     "output_type": "stream",
     "text": [
      "Populating the interactive namespace from numpy and matplotlib\n"
     ]
    }
   ],
   "source": [
    "%pylab inline\n",
    "import pandas as pd"
   ]
  },
  {
   "cell_type": "code",
   "execution_count": 2,
   "metadata": {
    "collapsed": true
   },
   "outputs": [],
   "source": [
    "import fastparquet"
   ]
  },
  {
   "cell_type": "code",
   "execution_count": 3,
   "metadata": {
    "collapsed": true
   },
   "outputs": [],
   "source": [
    "def read_train():\n",
    "    train_test =  fastparquet.ParquetFile(\"../input/train_test.parq\").to_pandas()\n",
    "    return train_test[train_test['istrain']] "
   ]
  },
  {
   "cell_type": "code",
   "execution_count": 4,
   "metadata": {
    "collapsed": false
   },
   "outputs": [
    {
     "name": "stdout",
     "output_type": "stream",
     "text": [
      "CPU times: user 29.2 s, sys: 20.3 s, total: 49.5 s\n",
      "Wall time: 49.5 s\n"
     ]
    },
    {
     "data": {
      "text/plain": [
       "(125497040, 15)"
      ]
     },
     "execution_count": 4,
     "metadata": {},
     "output_type": "execute_result"
    }
   ],
   "source": [
    "%time train =read_train()\n",
    "train.shape "
   ]
  },
  {
   "cell_type": "code",
   "execution_count": 5,
   "metadata": {
    "collapsed": false,
    "scrolled": true
   },
   "outputs": [
    {
     "data": {
      "text/html": [
       "<div>\n",
       "<style>\n",
       "    .dataframe thead tr:only-child th {\n",
       "        text-align: right;\n",
       "    }\n",
       "\n",
       "    .dataframe thead th {\n",
       "        text-align: left;\n",
       "    }\n",
       "\n",
       "    .dataframe tbody tr th {\n",
       "        vertical-align: top;\n",
       "    }\n",
       "</style>\n",
       "<table border=\"1\" class=\"dataframe\">\n",
       "  <thead>\n",
       "    <tr style=\"text-align: right;\">\n",
       "      <th></th>\n",
       "      <th>date</th>\n",
       "      <th>istrain</th>\n",
       "      <th>item_nbr</th>\n",
       "      <th>onpromotion</th>\n",
       "      <th>store_nbr</th>\n",
       "      <th>unit_sales</th>\n",
       "      <th>dcoilwtico</th>\n",
       "      <th>city</th>\n",
       "      <th>state</th>\n",
       "      <th>type</th>\n",
       "      <th>cluster</th>\n",
       "      <th>holiday</th>\n",
       "      <th>family</th>\n",
       "      <th>class</th>\n",
       "      <th>perishable</th>\n",
       "    </tr>\n",
       "    <tr>\n",
       "      <th>index</th>\n",
       "      <th></th>\n",
       "      <th></th>\n",
       "      <th></th>\n",
       "      <th></th>\n",
       "      <th></th>\n",
       "      <th></th>\n",
       "      <th></th>\n",
       "      <th></th>\n",
       "      <th></th>\n",
       "      <th></th>\n",
       "      <th></th>\n",
       "      <th></th>\n",
       "      <th></th>\n",
       "      <th></th>\n",
       "      <th></th>\n",
       "    </tr>\n",
       "  </thead>\n",
       "  <tbody>\n",
       "    <tr>\n",
       "      <th>0</th>\n",
       "      <td>2013-01-01</td>\n",
       "      <td>True</td>\n",
       "      <td>103665</td>\n",
       "      <td>-1</td>\n",
       "      <td>25</td>\n",
       "      <td>2.079442</td>\n",
       "      <td>NaN</td>\n",
       "      <td>20</td>\n",
       "      <td>13</td>\n",
       "      <td>3</td>\n",
       "      <td>1</td>\n",
       "      <td>True</td>\n",
       "      <td>5</td>\n",
       "      <td>2712</td>\n",
       "      <td>1</td>\n",
       "    </tr>\n",
       "    <tr>\n",
       "      <th>1</th>\n",
       "      <td>2013-01-01</td>\n",
       "      <td>True</td>\n",
       "      <td>105574</td>\n",
       "      <td>-1</td>\n",
       "      <td>25</td>\n",
       "      <td>0.693147</td>\n",
       "      <td>NaN</td>\n",
       "      <td>20</td>\n",
       "      <td>13</td>\n",
       "      <td>3</td>\n",
       "      <td>1</td>\n",
       "      <td>True</td>\n",
       "      <td>12</td>\n",
       "      <td>1045</td>\n",
       "      <td>0</td>\n",
       "    </tr>\n",
       "    <tr>\n",
       "      <th>2</th>\n",
       "      <td>2013-01-01</td>\n",
       "      <td>True</td>\n",
       "      <td>105575</td>\n",
       "      <td>-1</td>\n",
       "      <td>25</td>\n",
       "      <td>1.098612</td>\n",
       "      <td>NaN</td>\n",
       "      <td>20</td>\n",
       "      <td>13</td>\n",
       "      <td>3</td>\n",
       "      <td>1</td>\n",
       "      <td>True</td>\n",
       "      <td>12</td>\n",
       "      <td>1045</td>\n",
       "      <td>0</td>\n",
       "    </tr>\n",
       "    <tr>\n",
       "      <th>3</th>\n",
       "      <td>2013-01-01</td>\n",
       "      <td>True</td>\n",
       "      <td>108079</td>\n",
       "      <td>-1</td>\n",
       "      <td>25</td>\n",
       "      <td>0.693147</td>\n",
       "      <td>NaN</td>\n",
       "      <td>20</td>\n",
       "      <td>13</td>\n",
       "      <td>3</td>\n",
       "      <td>1</td>\n",
       "      <td>True</td>\n",
       "      <td>12</td>\n",
       "      <td>1030</td>\n",
       "      <td>0</td>\n",
       "    </tr>\n",
       "    <tr>\n",
       "      <th>4</th>\n",
       "      <td>2013-01-01</td>\n",
       "      <td>True</td>\n",
       "      <td>108701</td>\n",
       "      <td>-1</td>\n",
       "      <td>25</td>\n",
       "      <td>0.693147</td>\n",
       "      <td>NaN</td>\n",
       "      <td>20</td>\n",
       "      <td>13</td>\n",
       "      <td>3</td>\n",
       "      <td>1</td>\n",
       "      <td>True</td>\n",
       "      <td>9</td>\n",
       "      <td>2644</td>\n",
       "      <td>1</td>\n",
       "    </tr>\n",
       "  </tbody>\n",
       "</table>\n",
       "</div>"
      ],
      "text/plain": [
       "            date  istrain  item_nbr  onpromotion  store_nbr  unit_sales  \\\n",
       "index                                                                     \n",
       "0     2013-01-01     True    103665           -1         25    2.079442   \n",
       "1     2013-01-01     True    105574           -1         25    0.693147   \n",
       "2     2013-01-01     True    105575           -1         25    1.098612   \n",
       "3     2013-01-01     True    108079           -1         25    0.693147   \n",
       "4     2013-01-01     True    108701           -1         25    0.693147   \n",
       "\n",
       "       dcoilwtico  city  state  type  cluster  holiday  family  class  \\\n",
       "index                                                                   \n",
       "0             NaN    20     13     3        1     True       5   2712   \n",
       "1             NaN    20     13     3        1     True      12   1045   \n",
       "2             NaN    20     13     3        1     True      12   1045   \n",
       "3             NaN    20     13     3        1     True      12   1030   \n",
       "4             NaN    20     13     3        1     True       9   2644   \n",
       "\n",
       "       perishable  \n",
       "index              \n",
       "0               1  \n",
       "1               0  \n",
       "2               0  \n",
       "3               0  \n",
       "4               1  "
      ]
     },
     "execution_count": 5,
     "metadata": {},
     "output_type": "execute_result"
    }
   ],
   "source": [
    "train.head()"
   ]
  },
  {
   "cell_type": "markdown",
   "metadata": {},
   "source": [
    "## Is type matters?"
   ]
  },
  {
   "cell_type": "code",
   "execution_count": 9,
   "metadata": {
    "collapsed": true
   },
   "outputs": [],
   "source": [
    "df=pd.pivot_table(train, index=[\"date\"], columns=[\"type\"], values=[\"unit_sales\"], aggfunc=np.mean)"
   ]
  },
  {
   "cell_type": "code",
   "execution_count": 11,
   "metadata": {
    "collapsed": false
   },
   "outputs": [
    {
     "data": {
      "text/html": [
       "<div>\n",
       "<style>\n",
       "    .dataframe thead tr:only-child th {\n",
       "        text-align: right;\n",
       "    }\n",
       "\n",
       "    .dataframe thead th {\n",
       "        text-align: left;\n",
       "    }\n",
       "\n",
       "    .dataframe tbody tr th {\n",
       "        vertical-align: top;\n",
       "    }\n",
       "</style>\n",
       "<table border=\"1\" class=\"dataframe\">\n",
       "  <thead>\n",
       "    <tr>\n",
       "      <th></th>\n",
       "      <th></th>\n",
       "      <th colspan=\"5\" halign=\"left\">unit_sales</th>\n",
       "    </tr>\n",
       "    <tr>\n",
       "      <th></th>\n",
       "      <th>type</th>\n",
       "      <th>0</th>\n",
       "      <th>1</th>\n",
       "      <th>2</th>\n",
       "      <th>3</th>\n",
       "      <th>4</th>\n",
       "    </tr>\n",
       "    <tr>\n",
       "      <th></th>\n",
       "      <th>type</th>\n",
       "      <th></th>\n",
       "      <th></th>\n",
       "      <th></th>\n",
       "      <th></th>\n",
       "      <th></th>\n",
       "    </tr>\n",
       "  </thead>\n",
       "  <tbody>\n",
       "    <tr>\n",
       "      <th rowspan=\"5\" valign=\"top\">unit_sales</th>\n",
       "      <th>0</th>\n",
       "      <td>1.000000</td>\n",
       "      <td>0.892760</td>\n",
       "      <td>0.815292</td>\n",
       "      <td>0.937924</td>\n",
       "      <td>0.766365</td>\n",
       "    </tr>\n",
       "    <tr>\n",
       "      <th>1</th>\n",
       "      <td>0.892760</td>\n",
       "      <td>1.000000</td>\n",
       "      <td>0.928894</td>\n",
       "      <td>0.845258</td>\n",
       "      <td>0.840886</td>\n",
       "    </tr>\n",
       "    <tr>\n",
       "      <th>2</th>\n",
       "      <td>0.815292</td>\n",
       "      <td>0.928894</td>\n",
       "      <td>1.000000</td>\n",
       "      <td>0.828742</td>\n",
       "      <td>0.769608</td>\n",
       "    </tr>\n",
       "    <tr>\n",
       "      <th>3</th>\n",
       "      <td>0.937924</td>\n",
       "      <td>0.845258</td>\n",
       "      <td>0.828742</td>\n",
       "      <td>1.000000</td>\n",
       "      <td>0.705009</td>\n",
       "    </tr>\n",
       "    <tr>\n",
       "      <th>4</th>\n",
       "      <td>0.766365</td>\n",
       "      <td>0.840886</td>\n",
       "      <td>0.769608</td>\n",
       "      <td>0.705009</td>\n",
       "      <td>1.000000</td>\n",
       "    </tr>\n",
       "  </tbody>\n",
       "</table>\n",
       "</div>"
      ],
      "text/plain": [
       "                unit_sales                                        \n",
       "type                     0         1         2         3         4\n",
       "           type                                                   \n",
       "unit_sales 0      1.000000  0.892760  0.815292  0.937924  0.766365\n",
       "           1      0.892760  1.000000  0.928894  0.845258  0.840886\n",
       "           2      0.815292  0.928894  1.000000  0.828742  0.769608\n",
       "           3      0.937924  0.845258  0.828742  1.000000  0.705009\n",
       "           4      0.766365  0.840886  0.769608  0.705009  1.000000"
      ]
     },
     "execution_count": 11,
     "metadata": {},
     "output_type": "execute_result"
    }
   ],
   "source": [
    "df.corr()"
   ]
  },
  {
   "cell_type": "code",
   "execution_count": 14,
   "metadata": {
    "collapsed": false
   },
   "outputs": [
    {
     "data": {
      "text/plain": [
       "            type\n",
       "unit_sales  0       2.098118\n",
       "            1       1.727929\n",
       "            2       1.576526\n",
       "            3       1.687997\n",
       "            4       1.636333\n",
       "dtype: float32"
      ]
     },
     "execution_count": 14,
     "metadata": {},
     "output_type": "execute_result"
    }
   ],
   "source": [
    "df.mean()"
   ]
  },
  {
   "cell_type": "markdown",
   "metadata": {},
   "source": [
    "#### given an item"
   ]
  },
  {
   "cell_type": "code",
   "execution_count": 17,
   "metadata": {
    "collapsed": true
   },
   "outputs": [],
   "source": [
    "df=pd.pivot_table(train[train.item_nbr==103665], index=[\"date\"], columns=[\"type\"], values=[\"unit_sales\"], aggfunc=np.mean)"
   ]
  },
  {
   "cell_type": "code",
   "execution_count": 18,
   "metadata": {
    "collapsed": false
   },
   "outputs": [
    {
     "data": {
      "text/html": [
       "<div>\n",
       "<style>\n",
       "    .dataframe thead tr:only-child th {\n",
       "        text-align: right;\n",
       "    }\n",
       "\n",
       "    .dataframe thead th {\n",
       "        text-align: left;\n",
       "    }\n",
       "\n",
       "    .dataframe tbody tr th {\n",
       "        vertical-align: top;\n",
       "    }\n",
       "</style>\n",
       "<table border=\"1\" class=\"dataframe\">\n",
       "  <thead>\n",
       "    <tr>\n",
       "      <th></th>\n",
       "      <th></th>\n",
       "      <th colspan=\"5\" halign=\"left\">unit_sales</th>\n",
       "    </tr>\n",
       "    <tr>\n",
       "      <th></th>\n",
       "      <th>type</th>\n",
       "      <th>0</th>\n",
       "      <th>1</th>\n",
       "      <th>2</th>\n",
       "      <th>3</th>\n",
       "      <th>4</th>\n",
       "    </tr>\n",
       "    <tr>\n",
       "      <th></th>\n",
       "      <th>type</th>\n",
       "      <th></th>\n",
       "      <th></th>\n",
       "      <th></th>\n",
       "      <th></th>\n",
       "      <th></th>\n",
       "    </tr>\n",
       "  </thead>\n",
       "  <tbody>\n",
       "    <tr>\n",
       "      <th rowspan=\"5\" valign=\"top\">unit_sales</th>\n",
       "      <th>0</th>\n",
       "      <td>1.000000</td>\n",
       "      <td>0.315998</td>\n",
       "      <td>0.113091</td>\n",
       "      <td>0.531127</td>\n",
       "      <td>0.220480</td>\n",
       "    </tr>\n",
       "    <tr>\n",
       "      <th>1</th>\n",
       "      <td>0.315998</td>\n",
       "      <td>1.000000</td>\n",
       "      <td>0.096459</td>\n",
       "      <td>0.351833</td>\n",
       "      <td>0.214221</td>\n",
       "    </tr>\n",
       "    <tr>\n",
       "      <th>2</th>\n",
       "      <td>0.113091</td>\n",
       "      <td>0.096459</td>\n",
       "      <td>1.000000</td>\n",
       "      <td>0.070458</td>\n",
       "      <td>0.061681</td>\n",
       "    </tr>\n",
       "    <tr>\n",
       "      <th>3</th>\n",
       "      <td>0.531127</td>\n",
       "      <td>0.351833</td>\n",
       "      <td>0.070458</td>\n",
       "      <td>1.000000</td>\n",
       "      <td>0.232295</td>\n",
       "    </tr>\n",
       "    <tr>\n",
       "      <th>4</th>\n",
       "      <td>0.220480</td>\n",
       "      <td>0.214221</td>\n",
       "      <td>0.061681</td>\n",
       "      <td>0.232295</td>\n",
       "      <td>1.000000</td>\n",
       "    </tr>\n",
       "  </tbody>\n",
       "</table>\n",
       "</div>"
      ],
      "text/plain": [
       "                unit_sales                                        \n",
       "type                     0         1         2         3         4\n",
       "           type                                                   \n",
       "unit_sales 0      1.000000  0.315998  0.113091  0.531127  0.220480\n",
       "           1      0.315998  1.000000  0.096459  0.351833  0.214221\n",
       "           2      0.113091  0.096459  1.000000  0.070458  0.061681\n",
       "           3      0.531127  0.351833  0.070458  1.000000  0.232295\n",
       "           4      0.220480  0.214221  0.061681  0.232295  1.000000"
      ]
     },
     "execution_count": 18,
     "metadata": {},
     "output_type": "execute_result"
    }
   ],
   "source": [
    "df.corr()"
   ]
  },
  {
   "cell_type": "code",
   "execution_count": 20,
   "metadata": {
    "collapsed": false
   },
   "outputs": [
    {
     "data": {
      "text/plain": [
       "            type\n",
       "unit_sales  0       1.736268\n",
       "            1       1.344655\n",
       "            2       1.400552\n",
       "            3       1.469781\n",
       "            4       1.246734\n",
       "dtype: float32"
      ]
     },
     "execution_count": 20,
     "metadata": {},
     "output_type": "execute_result"
    }
   ],
   "source": [
    "df.mean()"
   ]
  },
  {
   "cell_type": "code",
   "execution_count": null,
   "metadata": {
    "collapsed": true
   },
   "outputs": [],
   "source": []
  },
  {
   "cell_type": "code",
   "execution_count": 23,
   "metadata": {
    "collapsed": true
   },
   "outputs": [],
   "source": [
    "df=pd.pivot_table(train[True & (train.type==0)], \\\n",
    "                  index=[\"date\"], columns=[\"item_nbr\"], values=[\"unit_sales\"], aggfunc=np.mean)"
   ]
  },
  {
   "cell_type": "code",
   "execution_count": 29,
   "metadata": {
    "collapsed": false
   },
   "outputs": [
    {
     "data": {
      "text/plain": [
       "0.7215167880058289"
      ]
     },
     "execution_count": 29,
     "metadata": {},
     "output_type": "execute_result"
    }
   ],
   "source": [
    "df.mean().std()"
   ]
  },
  {
   "cell_type": "code",
   "execution_count": null,
   "metadata": {
    "collapsed": true
   },
   "outputs": [],
   "source": []
  },
  {
   "cell_type": "markdown",
   "metadata": {},
   "source": [
    "## Is state matters?"
   ]
  },
  {
   "cell_type": "code",
   "execution_count": 35,
   "metadata": {
    "collapsed": true
   },
   "outputs": [],
   "source": [
    "import scipy.stats"
   ]
  },
  {
   "cell_type": "code",
   "execution_count": 30,
   "metadata": {
    "collapsed": true
   },
   "outputs": [],
   "source": [
    "df=pd.pivot_table(train, index=[\"date\"], columns=[\"state\"], values=[\"unit_sales\"], aggfunc=np.mean)"
   ]
  },
  {
   "cell_type": "code",
   "execution_count": 31,
   "metadata": {
    "collapsed": false
   },
   "outputs": [
    {
     "data": {
      "text/html": [
       "<div>\n",
       "<style>\n",
       "    .dataframe thead tr:only-child th {\n",
       "        text-align: right;\n",
       "    }\n",
       "\n",
       "    .dataframe thead th {\n",
       "        text-align: left;\n",
       "    }\n",
       "\n",
       "    .dataframe tbody tr th {\n",
       "        vertical-align: top;\n",
       "    }\n",
       "</style>\n",
       "<table border=\"1\" class=\"dataframe\">\n",
       "  <thead>\n",
       "    <tr>\n",
       "      <th></th>\n",
       "      <th></th>\n",
       "      <th colspan=\"16\" halign=\"left\">unit_sales</th>\n",
       "    </tr>\n",
       "    <tr>\n",
       "      <th></th>\n",
       "      <th>state</th>\n",
       "      <th>0</th>\n",
       "      <th>1</th>\n",
       "      <th>2</th>\n",
       "      <th>3</th>\n",
       "      <th>4</th>\n",
       "      <th>5</th>\n",
       "      <th>6</th>\n",
       "      <th>7</th>\n",
       "      <th>8</th>\n",
       "      <th>9</th>\n",
       "      <th>10</th>\n",
       "      <th>11</th>\n",
       "      <th>12</th>\n",
       "      <th>13</th>\n",
       "      <th>14</th>\n",
       "      <th>15</th>\n",
       "    </tr>\n",
       "    <tr>\n",
       "      <th></th>\n",
       "      <th>state</th>\n",
       "      <th></th>\n",
       "      <th></th>\n",
       "      <th></th>\n",
       "      <th></th>\n",
       "      <th></th>\n",
       "      <th></th>\n",
       "      <th></th>\n",
       "      <th></th>\n",
       "      <th></th>\n",
       "      <th></th>\n",
       "      <th></th>\n",
       "      <th></th>\n",
       "      <th></th>\n",
       "      <th></th>\n",
       "      <th></th>\n",
       "      <th></th>\n",
       "    </tr>\n",
       "  </thead>\n",
       "  <tbody>\n",
       "    <tr>\n",
       "      <th rowspan=\"16\" valign=\"top\">unit_sales</th>\n",
       "      <th>0</th>\n",
       "      <td>1.000000</td>\n",
       "      <td>0.724491</td>\n",
       "      <td>0.742347</td>\n",
       "      <td>0.785580</td>\n",
       "      <td>0.654928</td>\n",
       "      <td>0.604643</td>\n",
       "      <td>0.780033</td>\n",
       "      <td>0.692949</td>\n",
       "      <td>0.877586</td>\n",
       "      <td>0.789981</td>\n",
       "      <td>0.444382</td>\n",
       "      <td>0.668505</td>\n",
       "      <td>0.824508</td>\n",
       "      <td>0.211447</td>\n",
       "      <td>0.821489</td>\n",
       "      <td>0.847660</td>\n",
       "    </tr>\n",
       "    <tr>\n",
       "      <th>1</th>\n",
       "      <td>0.724491</td>\n",
       "      <td>1.000000</td>\n",
       "      <td>0.746747</td>\n",
       "      <td>0.755205</td>\n",
       "      <td>0.653866</td>\n",
       "      <td>0.602983</td>\n",
       "      <td>0.687328</td>\n",
       "      <td>0.520826</td>\n",
       "      <td>0.761039</td>\n",
       "      <td>0.725835</td>\n",
       "      <td>0.415161</td>\n",
       "      <td>0.621507</td>\n",
       "      <td>0.742323</td>\n",
       "      <td>0.395218</td>\n",
       "      <td>0.627702</td>\n",
       "      <td>0.756109</td>\n",
       "    </tr>\n",
       "    <tr>\n",
       "      <th>2</th>\n",
       "      <td>0.742347</td>\n",
       "      <td>0.746747</td>\n",
       "      <td>1.000000</td>\n",
       "      <td>0.789952</td>\n",
       "      <td>0.342819</td>\n",
       "      <td>0.415180</td>\n",
       "      <td>0.558860</td>\n",
       "      <td>0.786180</td>\n",
       "      <td>0.680250</td>\n",
       "      <td>0.637937</td>\n",
       "      <td>0.258148</td>\n",
       "      <td>0.528251</td>\n",
       "      <td>0.551875</td>\n",
       "      <td>0.283913</td>\n",
       "      <td>0.654595</td>\n",
       "      <td>0.660857</td>\n",
       "    </tr>\n",
       "    <tr>\n",
       "      <th>3</th>\n",
       "      <td>0.785580</td>\n",
       "      <td>0.755205</td>\n",
       "      <td>0.789952</td>\n",
       "      <td>1.000000</td>\n",
       "      <td>0.514554</td>\n",
       "      <td>0.562149</td>\n",
       "      <td>0.653790</td>\n",
       "      <td>0.722280</td>\n",
       "      <td>0.746764</td>\n",
       "      <td>0.716032</td>\n",
       "      <td>0.320123</td>\n",
       "      <td>0.669214</td>\n",
       "      <td>0.684209</td>\n",
       "      <td>0.226498</td>\n",
       "      <td>0.739005</td>\n",
       "      <td>0.721098</td>\n",
       "    </tr>\n",
       "    <tr>\n",
       "      <th>4</th>\n",
       "      <td>0.654928</td>\n",
       "      <td>0.653866</td>\n",
       "      <td>0.342819</td>\n",
       "      <td>0.514554</td>\n",
       "      <td>1.000000</td>\n",
       "      <td>0.766984</td>\n",
       "      <td>0.778590</td>\n",
       "      <td>0.331089</td>\n",
       "      <td>0.664939</td>\n",
       "      <td>0.794188</td>\n",
       "      <td>0.589175</td>\n",
       "      <td>0.665341</td>\n",
       "      <td>0.765778</td>\n",
       "      <td>0.157856</td>\n",
       "      <td>0.644756</td>\n",
       "      <td>0.665485</td>\n",
       "    </tr>\n",
       "    <tr>\n",
       "      <th>5</th>\n",
       "      <td>0.604643</td>\n",
       "      <td>0.602983</td>\n",
       "      <td>0.415180</td>\n",
       "      <td>0.562149</td>\n",
       "      <td>0.766984</td>\n",
       "      <td>1.000000</td>\n",
       "      <td>0.744631</td>\n",
       "      <td>0.438938</td>\n",
       "      <td>0.617772</td>\n",
       "      <td>0.795132</td>\n",
       "      <td>0.496628</td>\n",
       "      <td>0.631951</td>\n",
       "      <td>0.676381</td>\n",
       "      <td>0.246586</td>\n",
       "      <td>0.711521</td>\n",
       "      <td>0.626594</td>\n",
       "    </tr>\n",
       "    <tr>\n",
       "      <th>6</th>\n",
       "      <td>0.780033</td>\n",
       "      <td>0.687328</td>\n",
       "      <td>0.558860</td>\n",
       "      <td>0.653790</td>\n",
       "      <td>0.778590</td>\n",
       "      <td>0.744631</td>\n",
       "      <td>1.000000</td>\n",
       "      <td>0.521021</td>\n",
       "      <td>0.834318</td>\n",
       "      <td>0.902215</td>\n",
       "      <td>0.682668</td>\n",
       "      <td>0.647198</td>\n",
       "      <td>0.873856</td>\n",
       "      <td>0.292369</td>\n",
       "      <td>0.865162</td>\n",
       "      <td>0.860519</td>\n",
       "    </tr>\n",
       "    <tr>\n",
       "      <th>7</th>\n",
       "      <td>0.692949</td>\n",
       "      <td>0.520826</td>\n",
       "      <td>0.786180</td>\n",
       "      <td>0.722280</td>\n",
       "      <td>0.331089</td>\n",
       "      <td>0.438938</td>\n",
       "      <td>0.521021</td>\n",
       "      <td>1.000000</td>\n",
       "      <td>0.561624</td>\n",
       "      <td>0.606274</td>\n",
       "      <td>0.197328</td>\n",
       "      <td>0.454238</td>\n",
       "      <td>0.468267</td>\n",
       "      <td>0.037549</td>\n",
       "      <td>0.660954</td>\n",
       "      <td>0.544653</td>\n",
       "    </tr>\n",
       "    <tr>\n",
       "      <th>8</th>\n",
       "      <td>0.877586</td>\n",
       "      <td>0.761039</td>\n",
       "      <td>0.680250</td>\n",
       "      <td>0.746764</td>\n",
       "      <td>0.664939</td>\n",
       "      <td>0.617772</td>\n",
       "      <td>0.834318</td>\n",
       "      <td>0.561624</td>\n",
       "      <td>1.000000</td>\n",
       "      <td>0.800433</td>\n",
       "      <td>0.518885</td>\n",
       "      <td>0.672648</td>\n",
       "      <td>0.892943</td>\n",
       "      <td>0.332474</td>\n",
       "      <td>0.856036</td>\n",
       "      <td>0.903546</td>\n",
       "    </tr>\n",
       "    <tr>\n",
       "      <th>9</th>\n",
       "      <td>0.789981</td>\n",
       "      <td>0.725835</td>\n",
       "      <td>0.637937</td>\n",
       "      <td>0.716032</td>\n",
       "      <td>0.794188</td>\n",
       "      <td>0.795132</td>\n",
       "      <td>0.902215</td>\n",
       "      <td>0.606274</td>\n",
       "      <td>0.800433</td>\n",
       "      <td>1.000000</td>\n",
       "      <td>0.626552</td>\n",
       "      <td>0.663218</td>\n",
       "      <td>0.825455</td>\n",
       "      <td>0.226962</td>\n",
       "      <td>0.880035</td>\n",
       "      <td>0.815987</td>\n",
       "    </tr>\n",
       "    <tr>\n",
       "      <th>10</th>\n",
       "      <td>0.444382</td>\n",
       "      <td>0.415161</td>\n",
       "      <td>0.258148</td>\n",
       "      <td>0.320123</td>\n",
       "      <td>0.589175</td>\n",
       "      <td>0.496628</td>\n",
       "      <td>0.682668</td>\n",
       "      <td>0.197328</td>\n",
       "      <td>0.518885</td>\n",
       "      <td>0.626552</td>\n",
       "      <td>1.000000</td>\n",
       "      <td>0.506265</td>\n",
       "      <td>0.663221</td>\n",
       "      <td>0.163116</td>\n",
       "      <td>0.547762</td>\n",
       "      <td>0.652516</td>\n",
       "    </tr>\n",
       "    <tr>\n",
       "      <th>11</th>\n",
       "      <td>0.668505</td>\n",
       "      <td>0.621507</td>\n",
       "      <td>0.528251</td>\n",
       "      <td>0.669214</td>\n",
       "      <td>0.665341</td>\n",
       "      <td>0.631951</td>\n",
       "      <td>0.647198</td>\n",
       "      <td>0.454238</td>\n",
       "      <td>0.672648</td>\n",
       "      <td>0.663218</td>\n",
       "      <td>0.506265</td>\n",
       "      <td>1.000000</td>\n",
       "      <td>0.704441</td>\n",
       "      <td>0.181514</td>\n",
       "      <td>0.691265</td>\n",
       "      <td>0.711312</td>\n",
       "    </tr>\n",
       "    <tr>\n",
       "      <th>12</th>\n",
       "      <td>0.824508</td>\n",
       "      <td>0.742323</td>\n",
       "      <td>0.551875</td>\n",
       "      <td>0.684209</td>\n",
       "      <td>0.765778</td>\n",
       "      <td>0.676381</td>\n",
       "      <td>0.873856</td>\n",
       "      <td>0.468267</td>\n",
       "      <td>0.892943</td>\n",
       "      <td>0.825455</td>\n",
       "      <td>0.663221</td>\n",
       "      <td>0.704441</td>\n",
       "      <td>1.000000</td>\n",
       "      <td>0.249010</td>\n",
       "      <td>0.811217</td>\n",
       "      <td>0.936283</td>\n",
       "    </tr>\n",
       "    <tr>\n",
       "      <th>13</th>\n",
       "      <td>0.211447</td>\n",
       "      <td>0.395218</td>\n",
       "      <td>0.283913</td>\n",
       "      <td>0.226498</td>\n",
       "      <td>0.157856</td>\n",
       "      <td>0.246586</td>\n",
       "      <td>0.292369</td>\n",
       "      <td>0.037549</td>\n",
       "      <td>0.332474</td>\n",
       "      <td>0.226962</td>\n",
       "      <td>0.163116</td>\n",
       "      <td>0.181514</td>\n",
       "      <td>0.249010</td>\n",
       "      <td>1.000000</td>\n",
       "      <td>0.205798</td>\n",
       "      <td>0.340897</td>\n",
       "    </tr>\n",
       "    <tr>\n",
       "      <th>14</th>\n",
       "      <td>0.821489</td>\n",
       "      <td>0.627702</td>\n",
       "      <td>0.654595</td>\n",
       "      <td>0.739005</td>\n",
       "      <td>0.644756</td>\n",
       "      <td>0.711521</td>\n",
       "      <td>0.865162</td>\n",
       "      <td>0.660954</td>\n",
       "      <td>0.856036</td>\n",
       "      <td>0.880035</td>\n",
       "      <td>0.547762</td>\n",
       "      <td>0.691265</td>\n",
       "      <td>0.811217</td>\n",
       "      <td>0.205798</td>\n",
       "      <td>1.000000</td>\n",
       "      <td>0.833829</td>\n",
       "    </tr>\n",
       "    <tr>\n",
       "      <th>15</th>\n",
       "      <td>0.847660</td>\n",
       "      <td>0.756109</td>\n",
       "      <td>0.660857</td>\n",
       "      <td>0.721098</td>\n",
       "      <td>0.665485</td>\n",
       "      <td>0.626594</td>\n",
       "      <td>0.860519</td>\n",
       "      <td>0.544653</td>\n",
       "      <td>0.903546</td>\n",
       "      <td>0.815987</td>\n",
       "      <td>0.652516</td>\n",
       "      <td>0.711312</td>\n",
       "      <td>0.936283</td>\n",
       "      <td>0.340897</td>\n",
       "      <td>0.833829</td>\n",
       "      <td>1.000000</td>\n",
       "    </tr>\n",
       "  </tbody>\n",
       "</table>\n",
       "</div>"
      ],
      "text/plain": [
       "                 unit_sales                                                    \\\n",
       "state                    0         1         2         3         4         5    \n",
       "           state                                                                \n",
       "unit_sales 0       1.000000  0.724491  0.742347  0.785580  0.654928  0.604643   \n",
       "           1       0.724491  1.000000  0.746747  0.755205  0.653866  0.602983   \n",
       "           2       0.742347  0.746747  1.000000  0.789952  0.342819  0.415180   \n",
       "           3       0.785580  0.755205  0.789952  1.000000  0.514554  0.562149   \n",
       "           4       0.654928  0.653866  0.342819  0.514554  1.000000  0.766984   \n",
       "           5       0.604643  0.602983  0.415180  0.562149  0.766984  1.000000   \n",
       "           6       0.780033  0.687328  0.558860  0.653790  0.778590  0.744631   \n",
       "           7       0.692949  0.520826  0.786180  0.722280  0.331089  0.438938   \n",
       "           8       0.877586  0.761039  0.680250  0.746764  0.664939  0.617772   \n",
       "           9       0.789981  0.725835  0.637937  0.716032  0.794188  0.795132   \n",
       "           10      0.444382  0.415161  0.258148  0.320123  0.589175  0.496628   \n",
       "           11      0.668505  0.621507  0.528251  0.669214  0.665341  0.631951   \n",
       "           12      0.824508  0.742323  0.551875  0.684209  0.765778  0.676381   \n",
       "           13      0.211447  0.395218  0.283913  0.226498  0.157856  0.246586   \n",
       "           14      0.821489  0.627702  0.654595  0.739005  0.644756  0.711521   \n",
       "           15      0.847660  0.756109  0.660857  0.721098  0.665485  0.626594   \n",
       "\n",
       "                                                                              \\\n",
       "state                   6         7         8         9         10        11   \n",
       "           state                                                               \n",
       "unit_sales 0      0.780033  0.692949  0.877586  0.789981  0.444382  0.668505   \n",
       "           1      0.687328  0.520826  0.761039  0.725835  0.415161  0.621507   \n",
       "           2      0.558860  0.786180  0.680250  0.637937  0.258148  0.528251   \n",
       "           3      0.653790  0.722280  0.746764  0.716032  0.320123  0.669214   \n",
       "           4      0.778590  0.331089  0.664939  0.794188  0.589175  0.665341   \n",
       "           5      0.744631  0.438938  0.617772  0.795132  0.496628  0.631951   \n",
       "           6      1.000000  0.521021  0.834318  0.902215  0.682668  0.647198   \n",
       "           7      0.521021  1.000000  0.561624  0.606274  0.197328  0.454238   \n",
       "           8      0.834318  0.561624  1.000000  0.800433  0.518885  0.672648   \n",
       "           9      0.902215  0.606274  0.800433  1.000000  0.626552  0.663218   \n",
       "           10     0.682668  0.197328  0.518885  0.626552  1.000000  0.506265   \n",
       "           11     0.647198  0.454238  0.672648  0.663218  0.506265  1.000000   \n",
       "           12     0.873856  0.468267  0.892943  0.825455  0.663221  0.704441   \n",
       "           13     0.292369  0.037549  0.332474  0.226962  0.163116  0.181514   \n",
       "           14     0.865162  0.660954  0.856036  0.880035  0.547762  0.691265   \n",
       "           15     0.860519  0.544653  0.903546  0.815987  0.652516  0.711312   \n",
       "\n",
       "                                                          \n",
       "state                   12        13        14        15  \n",
       "           state                                          \n",
       "unit_sales 0      0.824508  0.211447  0.821489  0.847660  \n",
       "           1      0.742323  0.395218  0.627702  0.756109  \n",
       "           2      0.551875  0.283913  0.654595  0.660857  \n",
       "           3      0.684209  0.226498  0.739005  0.721098  \n",
       "           4      0.765778  0.157856  0.644756  0.665485  \n",
       "           5      0.676381  0.246586  0.711521  0.626594  \n",
       "           6      0.873856  0.292369  0.865162  0.860519  \n",
       "           7      0.468267  0.037549  0.660954  0.544653  \n",
       "           8      0.892943  0.332474  0.856036  0.903546  \n",
       "           9      0.825455  0.226962  0.880035  0.815987  \n",
       "           10     0.663221  0.163116  0.547762  0.652516  \n",
       "           11     0.704441  0.181514  0.691265  0.711312  \n",
       "           12     1.000000  0.249010  0.811217  0.936283  \n",
       "           13     0.249010  1.000000  0.205798  0.340897  \n",
       "           14     0.811217  0.205798  1.000000  0.833829  \n",
       "           15     0.936283  0.340897  0.833829  1.000000  "
      ]
     },
     "execution_count": 31,
     "metadata": {},
     "output_type": "execute_result"
    }
   ],
   "source": [
    "df.corr()"
   ]
  },
  {
   "cell_type": "code",
   "execution_count": 34,
   "metadata": {
    "collapsed": false
   },
   "outputs": [
    {
     "data": {
      "text/html": [
       "<div>\n",
       "<style>\n",
       "    .dataframe thead tr:only-child th {\n",
       "        text-align: right;\n",
       "    }\n",
       "\n",
       "    .dataframe thead th {\n",
       "        text-align: left;\n",
       "    }\n",
       "\n",
       "    .dataframe tbody tr th {\n",
       "        vertical-align: top;\n",
       "    }\n",
       "</style>\n",
       "<table border=\"1\" class=\"dataframe\">\n",
       "  <thead>\n",
       "    <tr style=\"text-align: right;\">\n",
       "      <th></th>\n",
       "      <th></th>\n",
       "      <th>0</th>\n",
       "      <th>1</th>\n",
       "    </tr>\n",
       "    <tr>\n",
       "      <th></th>\n",
       "      <th>state</th>\n",
       "      <th></th>\n",
       "      <th></th>\n",
       "    </tr>\n",
       "  </thead>\n",
       "  <tbody>\n",
       "    <tr>\n",
       "      <th rowspan=\"16\" valign=\"top\">unit_sales</th>\n",
       "      <th>0</th>\n",
       "      <td>1.672890</td>\n",
       "      <td>0.109050</td>\n",
       "    </tr>\n",
       "    <tr>\n",
       "      <th>1</th>\n",
       "      <td>1.599546</td>\n",
       "      <td>0.130192</td>\n",
       "    </tr>\n",
       "    <tr>\n",
       "      <th>2</th>\n",
       "      <td>1.605651</td>\n",
       "      <td>0.142754</td>\n",
       "    </tr>\n",
       "    <tr>\n",
       "      <th>3</th>\n",
       "      <td>1.546903</td>\n",
       "      <td>0.115939</td>\n",
       "    </tr>\n",
       "    <tr>\n",
       "      <th>4</th>\n",
       "      <td>1.660781</td>\n",
       "      <td>0.117300</td>\n",
       "    </tr>\n",
       "    <tr>\n",
       "      <th>5</th>\n",
       "      <td>1.678420</td>\n",
       "      <td>0.106083</td>\n",
       "    </tr>\n",
       "    <tr>\n",
       "      <th>6</th>\n",
       "      <td>1.628224</td>\n",
       "      <td>0.092030</td>\n",
       "    </tr>\n",
       "    <tr>\n",
       "      <th>7</th>\n",
       "      <td>1.562781</td>\n",
       "      <td>0.096319</td>\n",
       "    </tr>\n",
       "    <tr>\n",
       "      <th>8</th>\n",
       "      <td>1.670478</td>\n",
       "      <td>0.162231</td>\n",
       "    </tr>\n",
       "    <tr>\n",
       "      <th>9</th>\n",
       "      <td>1.679237</td>\n",
       "      <td>0.138870</td>\n",
       "    </tr>\n",
       "    <tr>\n",
       "      <th>10</th>\n",
       "      <td>1.552497</td>\n",
       "      <td>0.138679</td>\n",
       "    </tr>\n",
       "    <tr>\n",
       "      <th>11</th>\n",
       "      <td>1.366536</td>\n",
       "      <td>0.101323</td>\n",
       "    </tr>\n",
       "    <tr>\n",
       "      <th>12</th>\n",
       "      <td>1.923782</td>\n",
       "      <td>0.147961</td>\n",
       "    </tr>\n",
       "    <tr>\n",
       "      <th>13</th>\n",
       "      <td>1.447515</td>\n",
       "      <td>0.184071</td>\n",
       "    </tr>\n",
       "    <tr>\n",
       "      <th>14</th>\n",
       "      <td>1.601298</td>\n",
       "      <td>0.136646</td>\n",
       "    </tr>\n",
       "    <tr>\n",
       "      <th>15</th>\n",
       "      <td>1.689387</td>\n",
       "      <td>0.122155</td>\n",
       "    </tr>\n",
       "  </tbody>\n",
       "</table>\n",
       "</div>"
      ],
      "text/plain": [
       "                         0         1\n",
       "           state                    \n",
       "unit_sales 0      1.672890  0.109050\n",
       "           1      1.599546  0.130192\n",
       "           2      1.605651  0.142754\n",
       "           3      1.546903  0.115939\n",
       "           4      1.660781  0.117300\n",
       "           5      1.678420  0.106083\n",
       "           6      1.628224  0.092030\n",
       "           7      1.562781  0.096319\n",
       "           8      1.670478  0.162231\n",
       "           9      1.679237  0.138870\n",
       "           10     1.552497  0.138679\n",
       "           11     1.366536  0.101323\n",
       "           12     1.923782  0.147961\n",
       "           13     1.447515  0.184071\n",
       "           14     1.601298  0.136646\n",
       "           15     1.689387  0.122155"
      ]
     },
     "execution_count": 34,
     "metadata": {},
